watering
0 473
plants
0 473
maximum
1 31 56 60 88 131 134 150 157 182 188 223 241 246 259 270 281 282 294 322 326 329 338 365 375 384 390 398 404 418 435 437 443 471 472 498 500 505 508 517 520 550 552 568 570 580 582 586 591 599 617 618 626 633 653 663 667 681 683 700 719 728 738 755 759 767 798 810 813 832 877 885 900 911 922 951 960 972 975 986 1003 1026 1028 1032 1037 1046 1074 1075 1107 1121 1122 1141 1144 1155 1185 1186 1189 1205 1209 1216 1258 1263 1265 1276 1277 1296 1313 1325 1344 1353 1357 1366 1369 1372 1379 1392 1401 1406 1416 1420 1446 1464 1475 1496 1503 1520 1548 1585 1586 1599 1608 1622 1632 1635 1652 1669 1674 1692 1708 1710 1712 1719 1724 1731 1743 1750 1753 1768 1788 1811 1812 1821 1832 1842 1844 1847 1855 1874 1895 1896 1916 1955 1967 1979 1983 1996 2008 2029 2034 2041 2049 2058 2084 2099 2103 2105 2130 2142 2146 2159
ascending
1 161
subarray
1 29 31 82 91 253 384 390 400 487 498 637 679 906 922 924 1037 1061 1096 1186 1209 1297 1464 1492 1697 1786 1855 1966 2013 2038 2041 2054 2092
sum
1 13 18 19 23 46 114 119 150 153 164 177 203 246 252 253 275 290 296 338 358 379 386 405 435 437 459 472 487 500 510 516 521 535 550 568 573 590 590 593 602 607 620 624 637 642 648 653 662 663 674 712 724 748 752 754 800 800 804 845 861 869 888 895 897 922 924 955 1017 1020 1037 1068 1075 1076 1096 1107 1110 1121 1153 1159 1167 1178 1183 1197 1199 1217 1221 1223 1245 1265 1268 1276 1290 1297 1314 1322 1335 1410 1419 1422 1452 1463 1480 1486 1496 1539 1601 1618 1651 1659 1677 1678 1689 1727 1739 1750 1753 1764 1772 1800 1803 1808 1810 1811 1832 1863 1866 1867 1892 1900 1920 1952 1966 1984 1988 2011 2030 2041 2052 2053 2056 2077 2079 2099 2109 2121 2126 2137 2159
where
2 186 1161 1503 1859 1887
will
2 919
the
2 21 30 36 40 77 77 80 88 94 95 105 109 112 114 124 145 167 172 172 181 184 199 207 214 218 221 222 228 248 260 261 263 265 281 284 328 351 352 360 360 388 396 419 422 431 443 445 449 469 475 477 491 511 548 565 567 574 576 581 595 595 599 600 628 630 650 652 662 677 678 681 684 687 687 725 729 733 742 742 743 761 771 776 778 798 805 818 827 830 833 836 851 857 894 896 907 919 919 951 974 987 988 995 1018 1055 1055 1060 1067 1075 1077 1108 1125 1133 1134 1146 1150 1161 1169 1169 1190 1194 1199 1210 1213 1217 1221 1237 1247 1266 1281 1294 1296 1302 1312 1314 1315 1320 1339 1344 1349 1351 1361 1369 1387 1390 1390 1394 1415 1425 1435 1441 1442 1443 1461 1470 1499 1503 1507 1521 1530 1541 1544 1545 1552 1579 1579 1602 1641 1656 1665 1681 1687 1692 1703 1737 1741 1744 1745 1754 1757 1757 1759 1768 1771 1773 1778 1779 1781 1791 1802 1825 1833 1836 1865 1871 1873 1887 1889 1901 1906 1929 1938 1946 1953 1955 1981 1982 1988 2018 2058 2072 2090 2095 2095 2127 2133
ball
2
fall
2 1616
teemo
3
attacking
3
integer
4 63 114 152 156 172 189 190 342 408 440 467 507 725 745 824 1105 1238 1373 1476 1597 1603 1701 1711 1719 1719 1779 1988
replacement
4 1581 2059
find
5 40 49 77 80 92 93 130 133 149 164 172 180 185 194 211 212 214 221 226 231 248 281 316 318 336 354 373 378 388 393 408 421 443 449 469 477 491 548 639 662 671 725 733 749 772 786 798 818 830 859 884 915 919 920 936 954 1009 1021 1031 1052 1083 1108 1116 1126 1133 1190 1217 1221 1235 1253 1291 1294 1335 1344 1373 1390 1394 1404 1429 1435 1444 1461 1470 1503 1545 1552 1577 1607 1667 1716 1742 1745 1746 1757 1767 1779 1783 1803 1818 1889 1892 1907 1925 1929 1934 1959 1968 1969 1981 1982 2020 2030 2079 2081 2086 2095 2147 2149
if
5 16 79 117 160 161 208 291 380 436 537 601 625 636 677 709 721 980 995 1067 1232 1261 1281 1308 1316 1376 1430 1450 1489 1576 1625 1629 1729 1923 1970 2036 2102 2126
path
5 46 76 107 150 405 478 626 665 783 882 888 942 979 991 1038 1089 1103 1112 1261 1290 1316 1319 1453 1475 1618 1634 1654 1805 1813 1867 1979 2068 2104 2119 2142
exists
5 625 745
in
5 13 33 42 68 75 78 84 86 107 116 151 156 161 165 166 168 171 172 176 183 194 208 209 231 232 236 245 248 261 265 277 293 295 328 336 354 365 375 388 398 399 408 433 434 438 455 458 468 474 475 482 486 493 505 517 522 525 540 550 558 570 592 593 640 645 646 647 652 663 665 676 684 691 694 697 703 739 753 758 772 775 776 779 793 806 807 813 823 828 839 840 856 858 876 892 896 902 915 936 942 964 969 974 979 994 997 1003 1009 1020 1029 1031 1052 1053 1055 1065 1067 1072 1079 1087 1089 1102 1122 1124 1131 1132 1136 1148 1156 1158 1161 1165 1169 1189 1196 1201 1205 1214 1218 1225 1250 1261 1270 1273 1274 1284 1292 1314 1327 1329 1338 1341 1362 1388 1390 1402 1411 1424 1434 1438 1443 1449 1452 1453 1459 1461 1463 1468 1487 1492 1511 1522 1527 1532 1535 1552 1559 1563 1568 1576 1577 1605 1607 1613 1615 1634 1645 1646 1654 1667 1668 1671 1681 1690 1708 1710 1717 1738 1749 1751 1755 1760 1761 1765 1766 1770 1774 1794 1801 1817 1866 1879 1882 1884 1899 1917 1934 1947 1968 1978 1979 1996 2001 2020 2031 2032 2042 2047 2062 2065 2067 2075 2103 2104 2117 2127 2157
graph
5 8 42 123 232 568 644 997 1079 1112 1327 1431 1505 1717 1959 2032 2142
minimize
6 86 311 550 681 730 742 794 869 880 932 1349 1446 1754 2058
malware
6 932
spread
6 932
bulb
7 1008
switcher
7 1008
ii
7 44 46 89 122 148 225 242 244 293 297 306 334 392 403 409 410 473 509 533 554 555 571 617 641 645 702 744 764 769 773 787 809 876 932 935 956 959 981 1004 1011 1024 1035 1043 1047 1051 1092 1207 1224 1234 1242 1290 1340 1346 1358 1407 1459 1462 1466 1491 1495 1509 1584 1592 1598 1639 1659 1667 1675 1709 1808 1814 1820 1848 1897 1898 1903 1913 1957 1963 2000 2064 2084 2106 2111 2115 2147 2151 2154 2156
connectivity
8
with
8 18 23 48 64 76 158 164 180 234 268 274 329 338 352 362 369 372 384 386 393 413 421 432 440 441 443 457 500 506 520 552 557 585 604 620 623 626 675 685 694 696 712 721 736 745 800 802 825 830 831 850 854 860 873 875 882 898 922 947 984 1025 1027 1028 1066 1070 1075 1076 1103 1112 1145 1146 1157 1169 1182 1217 1220 1221 1225 1226 1235 1243 1264 1268 1285 1325 1356 1389 1391 1408 1410 1416 1456 1464 1471 1474 1475 1479 1496 1500 1528 1536 1549 1554 1556 1562 1586 1635 1649 1653 1654 1657 1666 1722 1736 1738 1739 1741 1742 1748 1756 1759 1762 1778 1783 1788 1800 1805 1811 1826 1863 1873 1880 1892 1906 1925 1932 1933 1953 1966 2016 2018 2027 2039 2044 2050 2052 2054 2080 2092 2094 2095 2121 2138
threshold
8 338 818 1381 2092 2095
count
9 35 38 53 106 145 183 210 218 222 235 236 257 268 291 318 330 331 337 344 348 368 396 412 422 424 427 475 521 563 564 585 604 657 682 685 690 694 821 842 871 896 988 1033 1085 1110 1146 1200 1214 1215 1219 1226 1243 1251 1259 1282 1312 1355 1385 1391 1402 1408 1409 1411 1418 1424 1439 1448 1500 1521 1524 1535 1556 1567 1569 1572 1593 1641 1657 1668 1673 1685 1695 1717 1719 1721 1725 1736 1765 1770 1781 1800 1806 1845 1870 1874 1990 2017 2042 2047 2070 2118 2135
special
9 106 340 372 433 1033 1103 1724 1738 2066 2139
quadruplets
9 1355
number
10 14 32 33 47 51 53 62 66 67 71 83 103 106 108 113 117 125 132 145 147 156 182 191 204 207 215 218 222 255 263 270 273 281 282 286 287 288 291 292 295 296 314 326 328 329 330 337 341 351 352 362 365 383 386 391 396 412 416 419 421 422 423 432 439 446 454 475 488 491 497 506 515 517 519 525 536 544 549 567 569 574 578 579 580 582 589 612 615 617 620 629 630 643 649 662 664 683 686 691 707 711 715 727 731 734 739 759 769 774 791 808 813 814 820 828 828 831 847 851 855 866 872 873 879 894 898 904 910 918 926 927 930 947 958 964 966 968 972 973 973 974 987 988 1010 1012 1028 1044 1046 1055 1057 1062 1070 1076 1083 1085 1087 1095 1106 1116 1122 1129 1135 1155 1169 1170 1181 1185 1188 1195 1199 1208 1218 1219 1223 1229 1236 1242 1243 1250 1251 1256 1258 1263 1271 1277 1294 1295 1313 1333 1339 1344 1362 1367 1381 1383 1386 1401 1420 1421 1425 1431 1433 1434 1457 1469 1485 1516 1521 1524 1531 1544 1548 1561 1564 1568 1579 1595 1600 1609 1621 1641 1652 1664 1665 1669 1673 1708 1720 1743 1744 1747 1755 1761 1768 1771 1774 1778 1779 1792 1811 1815 1830 1841 1842 1848 1859 1859 1870 1874 1888 1894 1897 1900 1904 1911 1940 1958 1961 1978 1996 1998 2008 2015 2025 2026 2029 2034 2035 2043 2074 2075 2079 2089 2090 2095 2097 2098 2108 2114 2126
of
10 13 14 21 23 24 25 31 32 35 36 47 50 51 53 59 60 65 66 67 71 77 80 83 88 88 90 103 106 113 113 114 114 117 119 124 125 125 126 127 129 145 153 153 160 163 163 176 179 182 187 189 194 194 203 204 207 208 209 213 214 215 218 228 232 246 253 256 257 263 270 275 281 282 286 287 288 294 295 296 302 314 326 328 329 330 331 332 337 338 341 351 352 358 362 364 365 368 368 375 378 386 387 391 396 400 404 412 419 421 422 423 436 439 444 445 446 449 449 459 471 472 475 477 487 488 497 506 506 511 516 517 517 525 526 532 533 535 536 549 552 557 565 567 568 569 579 580 581 582 589 590 591 598 599 599 600 607 612 615 617 618 620 629 630 633 640 643 649 653 662 666 670 671 673 674 674 678 681 683 707 711 715 724 727 729 731 734 736 739 742 743 746 752 755 759 762 763 765 769 774 780 791 800 800 804 808 810 813 814 828 831 832 848 851 855 857 861 861 866 868 873 877 879 894 898 898 899 900 904 909 910 921 923 924 925 926 933 934 937 938 947 954 955 965 968 970 972 972 973 974 977 986 987 988 989 991 998 999 1003 1009 1010 1012 1022 1023 1028 1037 1046 1055 1057 1061 1063 1070 1072 1076 1079 1082 1083 1085 1086 1087 1090 1095 1103 1106 1106 1109 1110 1118 1119 1121 1122 1125 1128 1133 1135 1137 1138 1147 1155 1155 1158 1159 1159 1167 1169 1170 1172 1174 1178 1179 1181 1183 1185 1188 1189 1195 1195 1196 1199 1208 1213 1214 1216 1217 1218 1219 1221 1223 1228 1228 1229 1233 1236 1237 1243 1250 1251 1254 1256 1256 1258 1263 1271 1277 1280 1285 1294 1295 1298 1310 1314 1322 1333 1335 1339 1339 1343 1344 1360 1361 1363 1364 1366 1366 1367 1369 1371 1381 1381 1383 1386 1390 1394 1401 1420 1421 1422 1425 1429 1431 1433 1434 1435 1435 1446 1457 1463 1464 1469 1470 1481 1485 1496 1499 1499 1512 1516 1521 1524 1531 1536 1539 1544 1546 1547 1548 1557 1559 1559 1564 1566 1571 1579 1586 1595 1608 1609 1616 1625 1626 1628 1632 1635 1637 1641 1651 1652 1656 1656 1660 1664 1665 1673 1678 1685 1708 1711 1714 1717 1719 1720 1729 1739 1741 1743 1744 1746 1747 1750 1753 1755 1757 1761 1766 1768 1774 1778 1779 1785 1792 1793 1795 1798 1801 1806 1809 1810 1811 1815 1828 1829 1830 1838 1839 1841 1842 1844 1845 1847 1855 1856 1857 1858 1859 1859 1859 1862 1866 1870 1874 1875 1878 1885 1888 1889 1895 1900 1902 1904 1905 1911 1932 1941 1948 1952 1955 1958 1959 1978 1983 1988 1990 1994 1996 1998 2001 2008 2011 2011 2015 2017 2028 2029 2030 2033 2035 2043 2052 2055 2056 2058 2067 2069 2070 2074 2074 2075 2077 2080 2081 2089 2090 2095 2097 2099 2105 2126 2126 2142
times
10 688 731 1143 1566 1884
binary
10 45 52 55 60 73 87 129 135 149 150 154 156 179 194 200 206 236 238 264 294 319 339 351 359 361 387 432 433 444 447 493 518 525 526 535 592 593 631 634 656 661 663 667 704 714 748 780 799 817 823 828 837 842 864 876 909 915 921 942 977 979 984 1069 1121 1133 1140 1147 1168 1203 1224 1264 1268 1273 1274 1328 1338 1371 1412 1428 1490 1501 1555 1573 1625 1634 1671 1688 1715 1729 1732 1740 1741 1751 1777 1801 1812 1823 1841 1847 1934 1962 1975 1986 2020 2028 2057 2065 2067 2084 2089 2090 2101 2104 2117 2134 2139 2156
string
10 33 71 135 149 153 160 168 207 209 214 220 227 239 243 248 254 264 306 311 321 342 349 351 354 368 375 399 468 474 516 523 531 537 553 612 625 654 660 676 680 691 709 719 721 743 802 805 827 830 844 856 862 892 902 941 943 975 984 985 990 994 1029 1052 1063 1086 1128 1133 1136 1145 1192 1194 1204 1244 1255 1300 1316 1351 1356 1376 1390 1438 1459 1523 1561 1586 1588 1591 1625 1629 1629 1631 1642 1645 1656 1665 1666 1701 1722 1729 1755 1774 1789 1792 1812 1815 1838 1843 1858 1888 1917 1934 1944 1971 1975 1978 1990 1997 2007 2045 2070 2076 2090 2102 2139 2144 2148 2151 2158
is
10 16 79 160 163 241 636 644 662 721 980 995 1239 1261 1281 1316 1430 1450 1452 1659 1689 1859 1970 2126
prefix-aligned
10
increasing
11 84 107 112 284 355 463 495 543 705 1144 1350 1355 1434 1679 1710 1747 1789 1997 2106
order
11 84 165 361 444 647 703 858 1140 1196 1224 1449 1630 1681 2019
search
11 89 170 206 293 359 447 555 631 661 748 801 817 823 909 915 931 1040 1274 1338 1338 1370 1412 1613 1740 1777 1962 1986 2022 2156
tree
11 22 45 55 60 73 87 103 129 150 151 154 179 194 194 206 236 256 264 294 312 319 339 359 361 387 394 444 447 493 518 593 631 634 656 661 663 667 704 714 735 748 748 772 780 781 799 864 876 909 915 917 921 942 977 1048 1069 1121 1124 1140 1152 1224 1262 1270 1273 1274 1328 1337 1338 1371 1428 1444 1448 1453 1501 1555 1632 1637 1648 1671 1688 1715 1732 1740 1751 1777 1801 1823 1841 1847 1866 1960 1962 1968 1986 1989 1994 2019 2020 2028 2065 2067 2084 2104 2117 2134
isomorphic
12
strings
12 21 249 266 379 380 468 475 492 583 625 739 755 769 838 871 898 934 1093 1154 1159 1253 1280 1304 1376 1424 1531 1617 1641 1656 1682 1685 1721 1862 1902 1927 1937 1939 2011
absolute
13 78 591 853 1037 1038 1153 1243 1849 2054
differences
13 648 1933
a
13 16 30 37 68 83 103 107 113 135 151 156 160 161 163 176 176 178 183 194 194 194 195 208 208 208 214 222 232 232 235 238 239 316 317 323 338 365 368 375 387 398 398 399 400 433 438 444 445 452 457 466 468 481 489 511 514 516 517 537 544 544 555 565 568 578 580 586 593 631 638 646 657 660 664 665 671 671 676 680 684 690 694 696 719 728 734 743 753 759 765 781 800 818 828 832 839 856 860 863 864 872 877 884 899 904 909 921 926 969 969 972 973 975 991 995 997 1012 1020 1029 1048 1052 1063 1067 1072 1079 1079 1086 1087 1089 1103 1121 1122 1124 1132 1133 1135 1136 1145 1155 1168 1194 1204 1216 1218 1221 1225 1241 1250 1256 1257 1261 1261 1270 1274 1284 1285 1292 1294 1316 1327 1338 1339 1348 1357 1366 1373 1385 1388 1390 1433 1434 1435 1443 1451 1453 1457 1494 1510 1527 1528 1532 1535 1540 1546 1554 1557 1559 1559 1571 1586 1591 1608 1615 1616 1622 1625 1629 1634 1638 1645 1654 1661 1665 1666 1686 1689 1690 1705 1708 1710 1738 1738 1741 1749 1751 1755 1760 1762 1766 1774 1777 1792 1794 1795 1806 1809 1815 1815 1822 1838 1841 1843 1855 1863 1868 1878 1880 1884 1888 1895 1899 1920 1944 1962 1970 1978 1979 1990 1994 2001 2014 2018 2020 2022 2028 2032 2062 2065 2067 2070 2071 2074 2075 2079 2094 2095 2099 2103 2104 2126 2142 2147
sorted
13 24 82 97 183 206 231 267 293 392 447 487 509 612 659 806 899 952 1009 1019 1221 1292 1310 1430 1454 1508 1527 1550 1613 1659 1667 1721 1898 1991 2111
array
13 16 25 82 86 110 112 133 133 160 171 172 206 212 214 229 231 240 241 246 248 252 260 265 267 277 284 287 293 298 303 304 320 336 372 375 378 388 389 395 398 403 408 409 434 449 459 477 495 499 505 520 549 550 559 573 588 590 600 640 649 670 673 676 712 724 749 760 761 763 775 792 806 811 839 840 866 869 878 899 902 926 938 964 994 995 1003 1007 1009 1019 1026 1031 1050 1078 1102 1118 1127 1134 1148 1175 1189 1228 1266 1293 1299 1302 1314 1321 1335 1341 1363 1394 1402 1411 1415 1423 1430 1446 1456 1458 1460 1470 1481 1481 1493 1499 1503 1509 1510 1527 1529 1550 1552 1554 1554 1567 1577 1607 1613 1614 1652 1653 1659 1667 1679 1681 1698 1716 1736 1737 1741 1746 1761 1786 1793 1797 1825 1826 1889 1898 1905 1909 1926 1932 1936 1946 1981 1982 1985 1995 1996 2006 2035 2036 2042 2047 2056 2081 2082 2100 2100 2105 2107 2127 2129 2133 2159
boomerangs
14
get
15 100 173 478 505 649 951 1132 1263 1480 1603 1712
equal
15 110 117 164 177 249 257 291 304 338 372 409 414 549 569 675 678 712 740 792 800 811 825 831 870 873 898 989 1074 1076 1154 1376 1381 1400 1415 1467 1509 1573 1601 1617 1661 1743 1797 1845 1859 1912 1932 1954 2002 2006 2047 2054 2067
substrings
15 210 368 415 599 674 739 767 802 842 892 984 1070 1172 1413 1536 1548 1665 1720 1870 2008 2033 2043 2045 2070
within
15 317 326 1758 1875 2051
budget
15 326
check
16 79 117 160 161 208 291 387 436 537 601 625 636 721 777 980 983 995 1067 1232 1261 1281 1308 1316 1376 1430 1450 1489 1576 1625 1629 1729 1939 1970 1995 2036 2102 2126
it
16 1970
good
16 236 314 344 469 564 627 774 871 960 1181 1253 1411 1439 1521 1744 1855 1888 1907 1958
optimal
17 1858
division
17 782
longest
18 41 61 76 107 136 142 174 213 243 251 277 302 355 384 543 554 561 639 687 688 722 729 783 785 795 840 906 913 944 950 1022 1038 1061 1064 1097 1133 1171 1196 1461 1482 1545 1553 1560 1573 1605 1631 1723 1747 1776 2013 2016 2031 2032 2054 2059 2104 2106
subsequence
18 165 213 221 223 251 302 355 531 543 554 602 688 695 705 722 795 804 845 925 1064 1217 1234 1239 1276 1285 1348 1560 1573 1723 1747 1953 2106
limited
18 532
alternating
19 351 432 1266 1276 1805 1975 2090
digit
19 23 191 291 291 383 516 586 590 815 1129 1173 1223 1645 1800 1830
strong
20 787
password
20 787
checker
20 787 901
compare
21 852 1192
by
21 91 109 137 173 181 187 210 290 383 403 419 507 508 510 562 586 603 794 811 826 883 885 911 913 916 1056 1078 1126 1177 1229 1306 1311 1400 1404 1452 1460 1480 1481 1490 1504 1567 1596 1622 1634 1655 1679 1841 1865 2036 2080
frequency
21 137 228 886 1074 1332 1374 1679 1706 1782 1821
smallest
21 24 68 227 254 367 410 507 542 627 675 720 818 844 859 925 1000 1021 1129 1194 1220 1221 1285 1292 1325 1362 1425 1449 1476 1487 1511 1538 1561 1568 1579 1666 1722 1726 1739 1742 1771 1873 1883 2095 2108 2158
character
21 142 210 841 1022 1029 1179 1705 2059
node
22 116 185 194 286 445 645 864 877 1053 1066 1079 1248 1343 1674 1749 1899 1994 2065
numbers
23 36 105 158 161 183 187 331 336 344 388 414 421 462 482 535 574 604 607 618 640 662 727 852 897 903 937 1003 1102 1118 1147 1173 1198 1208 1440 1489 1539 1604 1675 1678 1725 1770 1794 1859 1933 1945 2010 2109
units
23 728
k
23 36 91 100 119 175 177 188 241 259 317 441 459 467 474 496 499 500 507 527 601 608 623 637 640 662 669 679 684 685 688 734 771 802 829 831 867 873 900 920 947 1075 1141 1179 1195 1217 1226 1243 1304 1381 1410 1452 1454 1463 1496 1503 1512 1538 1566 1567 1573 1625 1742 1752 1838 1935 1966 2015 2016 2036 2038 2051 2097 2117 2127 2155
kth
24 68 124 172 434 593 994 1221 1292 1388 1568 1726 1771 1865 1934 1994 2025 2086 2108
product
24 36 56 88 114 466 511 599 600 618 708 763 912 1109 1141 1186 1189 1228 1389 1464 1499 1736 1844 1847 1859 1885 2038 2096 2103
two
24 40 56 80 85 88 126 185 266 379 380 436 450 451 477 524 526 533 562 599 603 625 659 681 698 755 769 812 822 823 837 838 869 870 913 955 965 991 1003 1129 1137 1167 1178 1189 1257 1271 1272 1310 1311 1339 1400 1531 1562 1604 1659 1675 1689 1713 1753 1764 1845 1857 1859 1875 1885 1892 1893 1902 1922 1923 1939 1945 1988 2069 2102
arrays
24 40 80 396 439 477 484 533 562 615 681 869 955 1076 1129 1310 1400 1714 1845 2069 2102
maximize
25 57 85 191 300 459 579 635 771 891 1361 1529 1774 1786 1833
greatness
25
an
25 114 265 277 298 336 375 408 434 438 449 464 503 520 570 590 625 760 775 902 938 964 994 1003 1045 1105 1148 1189 1335 1341 1361 1363 1402 1411 1423 1470 1499 1554 1577 1603 1607 1652 1668 1717 1746 1750 1770 1779 1793 1826 1827 1889 2042 2047 2082 2088 2127
super
26 132 1477 1696 2140
washing
26
machines
26
project
27
employees
27 138 851 1025 1357 1734 1773
i
27 345 485 580 788 795 912 1000 1202 1209 1518 1587 1602 1769 1790
non-negative
28 1476
integers
28 35 181 316 419 441 580 698 713 986 1033 1067 1085 1178 1410 1594 1765 1800 1803 1837 1922 1978 1988 2015 2079
without
28 785 943 1724
consecutive
28 100 146 316 346 381 624 640 660 867 893 944 981 1147 1185 1293 1307 1440 1704 1724 1933 1942 2079 2097 2109
ones
28 268 346 558 867 1119 1416 1657 1729 1942 2040
sliding
29 453 1392 2061
beauty
29 674 1314 1955
latest
30 261 954 1655 1887
time
30 47 130 135 138 151 178 219 274 324 340 426 480 575 595 598 699 716 768 779 797 810 933 969 977 1060 1098 1126 1191 1288 1457 1474 1542 1624 1655 1733 1763 1798 1804 1839 1903 1977 2091 2122
to
30 34 38 47 66 67 71 82 82 83 95 97 100 103 108 110 112 130 135 138 151 152 156 157 167 167 177 178 184 184 185 188 190 191 206 207 219 238 239 240 249 257 262 266 269 274 284 286 287 298 303 304 312 321 325 328 330 338 340 342 351 360 389 391 404 409 440 447 452 455 463 465 469 478 480 484 489 496 497 501 509 523 527 531 531 535 549 549 567 571 573 578 580 589 611 612 615 629 643 649 649 652 671 676 678 699 713 715 715 716 726 727 734 740 746 748 761 765 766 768 769 779 794 796 803 808 814 824 825 828 828 831 841 851 857 864 866 869 871 873 878 891 893 897 898 904 926 947 962 969 973 973 977 978 984 1030 1060 1089 1095 1105 1105 1116 1118 1134 1138 1149 1151 1152 1154 1182 1191 1194 1204 1206 1206 1236 1240 1241 1241 1255 1257 1259 1266 1288 1302 1307 1309 1328 1331 1332 1348 1349 1357 1357 1367 1381 1414 1415 1423 1431 1433 1433 1458 1474 1480 1507 1507 1508 1509 1510 1516 1519 1525 1529 1531 1537 1542 1544 1573 1591 1597 1600 1606 1609 1614 1617 1621 1624 1640 1652 1661 1661 1664 1664 1668 1686 1701 1705 1711 1732 1733 1736 1758 1763 1771 1786 1789 1792 1797 1798 1803 1815 1839 1840 1841 1843 1857 1859 1888 1900 1903 1920 1920 1932 1946 1975 1985 1988 1991 1992 1998 1999 2006 2007 2035 2048 2054 2056 2071 2079 2089 2089 2090 2091 2107 2111 2122 2148 2155
catch
30
bus
30 652 1514 1558
length
31 88 302 311 338 517 532 599 601 633 635 729 848 1124 1128 1183 1217 1464 1468 1496 1566 1586 1656 1925 2045
repeated
31 142 158 553 688 750 1036 1566
divide
32 222 640 792 904 989 1686 1768 1838 1922
intervals
32 370 559 616 717 1382 1765 1980
into
32 240 559 660 712 792 802 869 989 1208 1293 1493 1554 1665 1768 1838 1872 1962 2100
minimum
32 47 51 66 67 78 83 95 100 108 110 130 151 152 165 167 176 179 207 219 231 232 238 239 284 287 298 304 325 340 341 351 379 389 409 452 456 463 467 480 484 489 523 527 549 557 567 571 573 589 600 611 612 615 623 643 662 665 699 707 711 713 715 740 746 765 769 772 779 796 803 814 819 841 850 853 857 866 867 878 882 888 890 893 926 955 969 978 991 996 1026 1030 1034 1048 1060 1076 1084 1089 1095 1098 1103 1105 1118 1128 1134 1153 1154 1158 1167 1182 1191 1206 1208 1223 1241 1255 1257 1265 1266 1269 1288 1290 1297 1311 1326 1334 1336 1342 1344 1348 1358 1364 1433 1437 1480 1483 1487 1507 1509 1512 1516 1525 1531 1533 1537 1542 1544 1546 1591 1606 1614 1621 1651 1658 1661 1667 1686 1692 1763 1766 1771 1797 1798 1804 1833 1839 1841 1849 1857 1867 1906 1908 1912 1920 1946 1953 1960 1975 1998 2006 2014 2045 2048 2065 2071 2075 2089 2090 2091 2097 2107 2121 2122 2148
groups
32 540 582 759 1280 1298 1429 1468 1596 1768 1838 1857 1862 1971
largest
33 172 252 292 383 424 434 440 534 593 613 691 708 745 854 870 894 916 918 923 927 967 987 997 1217 1303 1323 1388 1442 1487 1498 1522 1532 1556 1564 1645 1649 1748 1860 1902 1968 1977 2077 2086
3-same-digit
33
first
34 248 286 1009 1029 1161 1324 1365 1390 1473
letter
34 209 541 657 913 1012 1021 1165 1285 1332 1972
appear
34 739
twice
34 1564
last
36 186 286 652 703 848 1009 1340 1574 1616
naming
37
company
37 1773
ways
38 103 113 240 328 330 391 497 629 649 727 734 808 871 904 947 1151 1367 1466 1510 1652 1664 1668 1736 1792 1815 1859 1881 1888 2035
group
38 109 360 360 424 529 571 954 1608
overlapping
38 1447
ranges
38 253 513 1424
01
39
matrix
39 79 107 183 199 225 433 437 479 555 647 684 754 908 979 1020 1056 1068 1142 1168 1176 1221 1225 1279 1292 1354 1399 1422 1452 1532 1634 1693 1710 1767 1794 1809 1871 2022 2089 2089 2094 2103 2125
distance
40 95 456 560 647 676 730 859 891 1059 1177 1216 1257 1391 1514 1705 1908 1943 2095 2117
value
40 181 187 291 364 375 398 591 671 675 857 900 997 1090 1235 1336 1379 1425 1444 1480 1487 1511 1528 1666 1739 1786 1882 1968 1981 2039 2049 2086
between
40 56 370 451 558 590 777 822 870 881 905 991 1144 1216 1265 1271 1344 1391 1487 1512 1514 1563 1571 1674 1754 1817 1908 2033
common
41 59 136 216 373 477 909 916 934 1064 1252 1295 1336 1500 1931 2028 2081
subpath
41
reachable
42 980 1471
nodes
42 73 166 185 236 257 455 624 1015 1131 1138 1146 1169 1181 1274 1344 1448 1468 1471 1563 1673 1690 1717 1768 1813 1873 1876 1908 1998 2017 2052 2117
subdivided
42
cinema
43
seat
43 589 1160 1330
allocation
43
frog
44 953 1267
jump
44 442 1267 1375 1515 1584 1676 1728 1851 2046
balanced
45 207 468 523 930 1133 1351
operations
47 83 108 227 284 300 549 573 612 615 623 669 713 715 721 730 735 866 890 1076 1085 1090 1105 1206 1259 1266 1348 1406 1415 1423 1476 1509 1609 1617 1797 1826 1841 1946 2006 2071 2130
convert
47 108 153 156 206 447 474 578 1152 1519 1554 1621 1687 1988 2089 2100 2148
container
48 664
most
48 221 228 259 467 528 737 753 778 802 945 964 1083 1173 1245 1252 1453 1634 1729 2027 2132
water
48 122 245 280 1398 1433 1864 1869
pivot
49 725 1458
index
49 144 398 675 839 1167 1390 1552 2144
selling
50 353
pieces
50 677 1204
wood
50
refueling
51
stops
51 1514 2051
add
52 102 143 312 440 698 711 1040 1093 1138 1151 1525 1604 1675 1711 1920
texts
53
masking
54
personal
54
information
54 1025
preorder
55 518 661 781 799 921 1262 1328
traversal
55 216 339 361 394 444 518 634 661 781 799 1069 1140 1224 1262 1328 2019
difference
56 78 80 213 241 558 586 590 700 733 853 869 1106 1144 1153 1158 1243 1265 1483 1487 1512 1603 1651 1674 1754 1804 1849 1982 2058 2076
pairs
56 125 166 215 218 275 314 347 488 499 694 743 792 868 895 898 929 968 1170 1181 1243 1341 1524 1567 1628 1685 1717 1742 1863 1905 1996 2002 2017 2030 2036 2042 2047 2058 2080 2133
grid
57 176 238 391 486 650 665 896 969 992 1071 1072 1089 1094 1122 1132 1258 1261 1434 1435 1654 1708 1868 1879 1880 2071 2075
happiness
57
burst
58 66
balloons
58 66 1401
lowest
59 909 1512 2028
ancestor
59 909 1674 1994 2028
deepest
59 1873 2137
leaves
59 1322 1528 2137
depth
60 179 755 1369 1632
uploaded
61
prefix
61 136 160 170 208 477 999 1159 1394 1482 1490 1529 1762
happy
62 1482 1631 1656
reverse
63 129 296 306 347 399 597 834 890 999 1063 1085 1131 1136 1300 1468 1583 1639 1786 1950 2033
egg
64 1477
drop
64 1477
2
64 1254 2023
eggs
64
and
64 70 114 131 170 211 246 274 279 291 296 308 309 333 339 354 384 397 448 518 558 558 583 585 590 629 648 682 716 718 741 747 772 799 825 868 937 946 1009 1026 1040 1101 1104 1114 1143 1165 1177 1179 1232 1265 1344 1359 1366 1381 1402 1409 1430 1447 1474 1487 1489 1491 1512 1589 1624 1649 1674 1688 1692 1719 1733 1754 1767 1816 1831 1864 1876 1877 1887 1903 1911 1956 1964 2002 2030 2040 2047
n
64 124 300 391 810 984 1115 1173 1232 1516 1656 1670 1803
floors
64 1724 1724
satisfiability
65
equality
65
equations
65
arrows
66
people
67 163 360 393 960 1087 1414 1802 1840 2074
teach
67
element
68 93 95 112 131 171 228 369 402 417 434 485 520 590 702 744 771 806 945 1009 1061 1166 1292 1388 1396 1492 1527 2147
bst
68 70 78 203 649 663 1152 1640 1689 1899 1908
shortest
69 82 478 676 979 1112 1233 1327 1654 1697 1705 1805 1813 1835 1929 1931 1966 2073
bridge
69 178
serialize
70 1688
deserialize
70 1688
lines
71 483 489
write
71
h-index
72 2115
validate
73 1260 1740 1834
verbal
74
arithmetic
74 213 789 791 1234 1427 1560 1643
puzzle
74 453 1421
put
75
marbles
75
bags
75 1635
different
76 441 536 1151 1215 1562 1664 1880 1978
adjacent
76 168 352 467 867 1438 1459 1549 1771 2133
characters
76 117 137 146 249 321 368 373 413 531 569 683 718 740 746 762 785 856 870 925 1055 1145 1307 1404 1536 1586 2007 2016 2043
losers
77
circular
77 592 619 676 753 939 1113 1155 1299 1757 2041
game
77 111 159 345 374 420 442 565 577 594 689 843 884 959 1055 1094 1120 1162 1375 1393 1403 1428 1515 1565 1570 1575 1584 1676 1677 1728 1735 1757 1775 1828 1853 1861 1889 1951 2046
x-matrix
79
remove
81 94 112 168 175 191 267 278 325 392 624 677 952 1015 1117 1166 1283 1332 1343 1349 1382 1431 1459 1497 1557 1763 1898 1944 1974 2060
duplicate
81 461 491 697 936 949 950 1013 1407 1663 2124 2149
letters
81 244 777 911 1180 1950
be
82 282 322 427 537 617 977 1056 1357 1404 1576
removed
82 2027
make
82 97 110 112 152 155 184 207 239 249 266 284 287 303 321 325 351 389 463 480 484 495 509 510 523 531 549 569 612 615 643 678 713 740 761 769 805 811 814 841 866 878 1050 1089 1118 1138 1154 1185 1212 1255 1266 1348 1376 1400 1415 1467 1508 1509 1510 1525 1531 1609 1614 1617 1643 1661 1736 1797 1946 1975 1985 1991 2006 2007 2067 2071 2090 2107 2111
reinitialize
83
permutation
83 541 592 653 821 860 1007 1397 1590 1683 1756 1917 2143
reveal
84
cards
84 893 1559 1916
win
85 765 1202
from
85 94 133 191 264 267 286 316 339 392 406 501 502 518 520 534 580 624 635 661 680 766 767 781 786 799 844 864 900 952 1007 1015 1026 1032 1065 1129 1179 1212 1258 1315 1343 1406 1451 1538 1561 1603 1643 1658 1701 1712 1713 1818 1823 1898 1916 1944 1960 1967 2133
segments
85 678 1119 1195 1755
deviation
86
univalued
87
palindromic
88 248 278 415 599 614 927 966 1097 1215 1695 1723
subsequences
88 106 278 536 614 635 774 1199 1215 1293 1333 1436 1695 1774 1787 1885 2000
word
89 192 208 208 340 436 596 636 726 739 836 848 886 931 999 1252 1257 1275 1346 1495 1556 1576 1605 1835 1844 2012 2031
bitwise
90 193 384 825 937 1325 1547 1617 1649 2030
ors
90
subarrays
90 145 164 240 329 412 441 472 685 831 873 926 1183 1226 1268 1325 1400 1408 1427 1481 1485 1496 1521 1752 1753 1811
sums
91 487 749 1132 1158 1467 1653 1742 1767
divisible
91 187 290 507 510 1452 1490 1498 1567 1614 1752 2036 2047 2080
eventual
92
safe
92 1247
states
92
peak
93 839 1856 2147
sub-folders
94
filesystem
94
target
95 269 440 501 620 671 676 898 926 1021 1118 1182 1241 1606 1653 1681 1716 1754 1772 1811 1815 1892 1900 2007 2056
valid
96 174 180 273 325 327 537 636 641 682 686 731 755 862 889 995 1039 1042 1058 1089 1250 1255 1261 1316 1386 1421 1442 1525 1545 1628 1636 1767 1918 1926 1930 2010
parentheses
96 174 325 537 755 794 1151 1231 1283 1316 1369 1525 1591 1785 2033 2060
delete
97 321 379 382 445 509 697 747 838 949 957 1508 1528 1749 1876 1882 1899
columns
97 508 509 1435 1508 1743
closest
98 185 363 482 496 602 671 891 920 1073 1116 1190 1274 1910 2056
divisors
98 579 1854 2131
design
99 121 285 289 470 481 619 664 696 756 993 1040 1045 1112 1113 1317 1426 1638 1730 2024 2087 2088 2152
movie
99 1799
rental
99
system
99 428 481 664 697 756 936 1317 1370
recolors
100
black
100
blocks
100
perfect
101 1534 1918 2026
squares
101 272 335 899 1879 2018
expression
102 195 504 591 794 857 1125 1662
operators
102 1600
reconstruct
103 406 605 1168
partition
104 177 241 559 712 802 869 995 1001 1458 1601 1652 1698 1858 2159
labels
104 534
sort
105 137 181 199 366 403 419 721 760 1041 1047 1078 1127 1134 1363 1596 1642 1679 1802 1841 1865 1964 2063
jumbled
105
sold
109
products
109 279 404 547 761 1139 1443
date
109 301 466
cost
110 167 176 298 443 452 484 527 557 665 740 779 796 816 857 1028 1034 1073 1089 1103 1149 1507 1857 1960 2122 2155
stone
111 374 594 689 843 959 1120 1340 1574 1575 1951
one
112 210 312 668 713 746 826 828 922 1022 1061 1089 1376 1500 1634 1729 1756 1783 1830 1884
strictly
112 495 585 966 1710
cutting
113
pizza
113 1157
subtract
114
digits
114 143 153 158 175 222 265 377 406 413 421 440 467 604 800 948 1223 1350 1463 1655 1977
online
115 1492 2120
election
115
next
116 402 485 645 702 930 1053 1396 1683
greater
116 372 402 485 585 702 748 930 1021 1152 1381 1396 1649 2092
linked
116 156 445 624 638 758 834 965 1006 1015 1035 1187 1213 1248 1478 1497 1639 1671 1690 1702 1732 1749 1817 2087 2099
list
116 140 156 163 163 392 445 447 624 638 758 770 834 928 952 1001 1006 1015 1035 1041 1130 1187 1213 1248 1343 1443 1478 1479 1497 1639 1671 1690 1702 1732 1749 2063 2087 2099 2141
all
117 130 138 151 168 184 200 249 268 336 368 388 393 413 449 478 501 549 571 601 611 674 678 682 699 715 723 736 740 823 1052 1067 1072 1079 1098 1138 1139 1149 1161 1172 1183 1196 1253 1307 1308 1308 1418 1429 1459 1489 1547 1557 1577 1607 1616 1625 1656 1657 1741 1746 1763 1813 1818 1873 1907 1952 1998 2006 2030 2043 2117
have
117 630 1145 1161 1923
occurrences
117 879 972 1285 1517 1557
counting
118 1762
bits
118 419 432 525 597 1904 1911
max
119 215 262 346 362 364 800 1391 1403 1431 1494 1603 1660 1665 1885 1942 1991 2111
rectangle
119 128 809 1342 1358 1368 1447 1522 1534 1901 2018 2136
no
119 506 822 1549 2138
larger
119
than
119 338 372 574 806 1021 1119 1226 1381 1573 1649 1684 1734 2038 2054 2092
available
120
captures
120
for
120 141 142 323 379 838 867 977 995 1034 1277 1289 1351 1373 1421 1520 1602 1743 1912 1930 1977 1987 2014 2132 2159
rook
120
hashmap
121
trapping
122 280
rain
122 280
modify
123
edge
123 532 1066
weights
123
factor
124 916
interchangeable
125
rectangles
125 987 1201 1219
power
126 181 1082 1254 1360 2055
out
127 1137 1616
boundary
127
paths
127 184 286 362 455 501 532 1100 1434 1452 1555 1751 1906 1949 1958 2067 2154
overlap
128 1796
odd
129 315 386 691 917 1006 1145 1183 1225 1770 1851 1911 1964 2076
levels
129 1801
finish
130 567 803 1060
jobs
130
after
131 153 212 227 259 292 300 328 331 383 435 459 467 479 544 636 657 669 670 730 734 771 780 850 953 975 1048 1061 1085 1090 1115 1128 1141 1158 1223 1366 1379 1422 1476 1486 1517 1539 1581 1716 1739 1746 1812 2015 2045 2130
decreasing
131 1997
rearranging
131 357
ugly
132 958 1242 2098
original
133 406 625 1394 1737
doubled
133 1905
repeating
134 785 1022 1307 1837 2016 2059
substring
134 142 292 443 517 561 639 703 721 729 736 750 785 854 870 950 972 1022 1097 1099 1133 1196 1212 1235 1269 1351 1461 1557 1581 2016
needed
135 138 768
rearrange
135 547 881 947 1460 1529 1760 2007
inform
138
transpose
139 2125
file
139 276 936 1038
rotate
140 320 349 865 1318
cut
141 452 1504
off
141
trees
141 200 817 819 823 837 1264 1612 2057 2156
golf
141
event
141
swap
142 166 247 730 1376 1438 1578 1756 1896
random
144 234 1027 1201 1248 1284 1354 1479
pick
144 234 893 1027
beautiful
145 152 254 263 288 389 773 1305 1321 2132
single
147 820 1044 1527 1640 1848
iii
147 224 346 402 405 461 658 689 849 908 1017 1049 1136 1163 1347 1445 1508 1610 1624 1676 1914 1949 2096 2098
redundant
148 2123
connection
148 2123
unique
149 276 368 604 614 774 817 841 878 879 892 1029 1100 1229 1488 1586 1665 1699 1759 1803 1810 1949 2015 2154 2156
collect
151 1030 1270 1839
apples
151 1030 2029
addition
152 1092 1877
tilt
154
customer
155 271 894 1969
who
155 778 1139 1143 1630
visited
155 753 2075
but
155
did
155
not
155 163 1932 2021
any
155 208 404 653 1037
transactions
155 307 1084 1790
distribute
157 493 940 1414 1837
money
157 1084 2157
children
157 188 358
baseball
159
are
161 187 380 574 601 677 709 1067 1939 2036 2102
sentence
161 208 693 939 1018 1250 1281 1610 1760
destroying
162
asteroids
162
whose
163 662 1452 1773
favorite
163 1016 1016
companies
163
subset
163 749 1498 1601 1952
another
163 864 1481 1629 1637
non-increasing
165
move
167 530 715 1204 1241 1386 1450
chips
167
same
167 328 352 548 649 677 777 1169 1339 1389 1456 1648 1884 1933 2027 2039
position
167 323 734 801 953 1009 1545
duplicates
168 267 392 952 957 1459 1607 1898
4sum
169 764
suffix
170 1072 1326
n-repeated
171
size
171 360 916 954 1174 1297 1302 1381 1536 1625 1838 1893
2n
171
watched
173
videos
173
your
173 1016 1016
friends
173 348 778 998
homecoming
176
robot
176 1024 1194 1329 1331 1384
subsets
177 192 263 422 1164 1744 1874 1963
cross
178 186
users
180 833 1104 1795
e-mails
180
tasks
182 567 611 699 710 803
you
182 186 630 887 1016 1161 1185 1263 1277 1503 1603 1712 1842 1916
can
182 186 282 322 427 474 537 609 617 887 987 1016 1056 1185 1202 1212 1263 1277 1376 1404 1503 1576 1603 1629 1643 1712 1836 1842 1845 1916
assign
182 1002
negative
183 745 1719 2103
reorder
184 649 770 1156
routes
184 1418 1558
lead
184
city
184 262 450 776 1833 2093 2095
zero
184 315 624 678 713 811 825 973 1116 1206 1259 1649 1783 1803 2089
given
185 213 360 368 398 466 517 625 749 818 1173 1199 1235 1373 1457 1458 1528 1666 1681 1762 1767 1815 1818 1920 1977 1990 2079
day
186 581 970 1161 1237
still
186
average
187 257 353 572 575 738 933 1209 1381 1456 1483 1692 1801 1932
even
187 315 421 542 917 945 986 1006 1138 1198 1461 1468 1539 1800 1851 1911 1964
that
187 194 210 222 241 282 322 427 440 548 617 687 739 745 919 987 1083 1145 1199 1282 1404 1836 1845 1900 2079
three
187 240 290 381 460 618 712 746 923 1132 1137 1143 1360 1487 1536 1854 1880 1884 1954 2043 2079 2126
candies
188 557 940 1414 1712 1778
allocated
188
complement
189 454
base
189 627 1287 1463 1519
10
189
roman
190 1597
result
191 794
neighboring
193
xor
193 400 520 678 694 880 955 1003 1099 1148 1394 1520 1547 1565 1845 1952 2030 2086 2130
corresponding
194
clone
194 1505
parsing
195
boolean
195 714
task
196 334 687
scheduler
196 334
mini
197
parser
197 299 2009
license
198
key
198 860 964 1919
formatting
198
diagonally
199
possible
200 467 502 970 1418 1673 1818 1824
full
200 295 630 970 1635
peeking
201
iterator
201 359 621 928 1289
set
202 525 1173 1362 1399 1893 2122
mismatch
202
range
203 317 410 438 475 482 487 511 512 580 694 937 1000 1067 1092 1109 1110 1197 1419 1538 1706 1770 1984
senior
204
citizens
204
ransom
205
note
205
swaps
207 238 351 383 463 467 571 867 1154 1722 1771
occurs
208
as
208 502 502 526 616 739
percentage
209 333 1795
differ
210
replace
211 354 369 413 775 919 1102 1307 1351 1759 1965
pattern
211 596 750 1566 1780
resultant
212
removing
212 341 670 680 767 1026 1032 2045
anagrams
212 529 1052 1200
divisibility
214 798
k-sum
215 1470
greatest
216 290 369 934 1165 1778 1882 2081
divisor
216 818 934 1775 2081
prime
217 482 525 720 793 1193 1228 1230 1739
subtraction
217 1877
operation
217 696 838 1148
fair
218 247 1510 1829
complete
219 319 611 699 988 1448
trips
219 742 1104
shuffle
220 1707 1825 2082
competitive
221
score
223 300 362 449 479 669 767 798 877 911 951 975 991 1032 1048 1066 1107 1125 1146 1220 1226 1311 1364 1406 1529 1606 1741 1746 1785 1855 1865 1953 2105
house
224 1043 1049 1694 1700
robber
224 1043 1694 1700
spiral
225 908 1142 1693
right
226 369 645 648 1053 1179 1715
interval
226 1130 1171 1770 1890 2048
lexicographically
227 254 367 1194 1442 2158
applying
227 669
frequent
228 829 945 964 1245 1935
snapshot
229
orderly
230
queue
230 470 883 1087 1113 1352
rotated
231 293 948 1430 1613 1667
degree
232 1793
connected
232 1609
trio
232
gas
233
station
233
blacklist
234
items
235 317 1075 1395 1596
matching
235 504 552 902 1333 1465 2005
rule
235
process
237 710 933
restricted
237 286
friend
237 778
requests
237 270 778 1083
arrange
238
insertion
239 1041 1379
steps
239 259 303 328 734 769 828 973 1531
palindrome
239 266 367 429 635 641 708 814 849 913 929 1051 1058 1123 1187 1190 1212 1230 1304 1548 1553 1776 1822 1925 2073 2114
split
240 252 266 298 468 758 761 986 1293 1432 1456 1493 1665 1792 1888 2035 2121
such
241
coin
242 606
change
242 425 606 746 857 1812
chain
243 633
shifting
244 1180
swim
245
rising
245 539
candy
247 471 1016 1301
redistribute
249
triangle
250 545 686 874 1011 1303 1323
judgement
250
harmonious
251
fibonacci
255 302 662 1493
coprimes
256
subtree
257 780 1245 1511 1637 1873
minesweeper
258
fruits
259 357
harvested
259
at
259 398 466 467 497 601 802 1089 1143 1173 1288 1457 1545 1564 1634 1729 1893 1966 2016 2044 2095 2144
restore
260 494 2133
login
261
2020
261
increase
262
keep
262 603 1431
skyline
262 1703
construct
264 339 518 661 799 1304 1356 1442 1561 1653 1901 1989
separate
265 727
submatrices
268 826 1657 1900
merge
269 343 492 562 659 717 796 837 1395 1454 1550 1563 1640 1817 1902
triplets
269 791 1411 1439 1761 1845
form
269 440 926 987 1129 1481 1815 1845 1920
triplet
269 705
achievable
270
transfer
270
richest
271 1315
wealth
271
falling
272 888 1290 1611
best
274 323 524 716 914 1474 1624 1733 1903 2078 2138
buy
274 629 716 768 1272 1474 1624 1733 1903
sell
274 716 1455 1474 1624 1733 1903
stock
274 538 716 1256 1474 1624 1733 1903 2120
transaction
274
fee
274
floored
275
making
276 514
names
276 2062
square
277 338 521 607 962 967 987 1636 1657 1852 1859 1860 1878 1918
streak
277
recyclable
279
low
279
fat
279
marked
281
indices
281 1577 1716 1907 1964
events
282 524 617 1923
attended
282 617 1795
race
283 1060
car
283 971 1380 1709
browser
285
history
285
removals
287 435 1048 2015
mountain
287 839 840 1031 1926
partitions
288 855
twitter
289
has
291 548 778 1729
mutating
292
width
294 1353 1435
flowers
295 609
bloom
295 970
its
296 745 1232
cherry
297 556
pickup
297 556 682
html
299
entity
299
reformat
301 827 1227 1894
non-decreasing
303 588 1787
moves
304 409 474 589 771 814 1182 1241 1487 1606 1708 2107 2148
elements
304 352 369 370 372 409 500 549 585 585 600 670 775 823 829 920 1144 1158 1189 1311 1415 1460 1497 1538 1746 1752 1754 1810 1920 1932 1985 2006 2020 2092
profitable
305 1453
schemes
305
invalid
307 835 1283
rings
308
rods
308
encode
309
decode
309 941 1150 1320 1466 1881 1909 2143
tinyurl
309
heaters
310
row
312 558 1324 1416 1489 1506 1767 1882 1912 1968 2002 2027
employee
313 687 706 851 1126 1759 1987
bonus
313 2066
print
315 656 858 1194 1633 1915
data
316 616 723 786 1040 1156
stream
316 616 762 786 1388 2088
highest
317 350 546 1066 1146 1220 1512 1718 1741 1745 1856
ranked
317
price
317 353 466 538 742 1177 1265
followers
318
inserter
319
fancy
321 1620
enemy
322
forts
322
captured
322
service
323
centre
323
calculate
324 458 516 2066 2157
delayed
324
arrival
324
robots
326
boomerang
327
stay
328
place
328 330 609
some
328 670
bounded
329 398 1329
houses
330 1562
smaller
331 574 585
self
331 462 763 1993
short
332
encoding
332
words
332 399 436 657 736 813 824 881 911 913 1040 1136 1211 1246 1250 1404 1421 1488 1500 1713 1760 1762 1842 1875 1915 1935 1965
queries
333 400 584 780 860 1099 1109 1124 1135 1258 1274 1422 1486 1539 1706 1849
quality
333 1788 2142
detect
335 486 1080 1566
disappeared
336
total
337 456 484 623 742 861 1086 1126 1349 1943 1955 1983 2080 2155
colored
337 677 1455
cells
337 438 647 896 1115 1225 1710 2075
side
338 369 1715
less
338 1226 1573 2038 2054
or
338 372 519 526 548 943 1324 1325 1334 1381 1566 1573 1661 1783 1884 1897 2027 2054 2146
inorder
339 518 1069
postorder
339 394 634 799
type
340 1257 1842
using
340 376 710 1194 1257 1286 1352 1884
typewriter
340
magic
341 566 1860 1879
beans
341
(atoi)
342
accounts
343
play
345 577
analysis
345 577 912 1347 1769 2096
unhappy
348
second
350 1542 1645 2065
salary
350 546 1572 1578 1692 1692 1718
color
352 677 997 1878
continuous
355 729 866 1096 1697 2054
allocate
356
mailboxes
356
root
358 455 535 897 1673
equals
358 436 637 1811
they
360
belong
360
level
361 1121 1140 1224 1841 2019
3sum
363 1807 2050
equation
364 907 1373
balls
365 451 715 1339 1455 1766
box
365 431 715 1241 1309
colors
366 1562 1805 1880
on
369 438 467 687 690 719 728 735 860 884 926 960 1016 1048 1106 1135 1191 1288 1386 1432 1494 1725 1806
identical
370
dinner
371
plate
371
stacks
371 1352
x
372 372 548 1206 1559
v
374 1375
implement
376 566 1286 1352 2161
rand10()
376
rand7()
376
sequential
377 672
xor-beauty
378
ascii
379
determine
380 565 709 1056 1878 1923
close
380
odds
381
insert
382 801 957 1890 1962
getrandom
382 957
o(1)
382 957
parity
383 403 1078
flood
385 776
fill
385 1798
sub-arrays
386 1381 1892
completeness
387
lonely
388
deletions
389 523 719 841 1614
paint
391 1049
×
391
3
391 472
secret
393 2074
n-ary
394 1262 1632 2019
nesting
395 755 1369
ideal
396 722
snakes
397
ladders
397
pow(x,
401
n)
401
minimized
404
distributed
404
store
404 797
english
406 824 1165
dice
407 620
roll
407 423
simulation
407 1024 1384
lucky
408 1794
big
411
countries
411
nice
412 561 579 2013 2042
rational
414
complex
416
multiplication
416 1406 1568
majority
417 744 1492
building
418 887 1091 2160
height
418 780 819 883 885 901
1
419 549 984 1904
elimination
420 1654
square-free
422
distinct
423 569 925 994 1085 1106 1228 1339 1413 1436 1496 1536 1595 1725 1982 2000
sequences
423 463 1036 1260 1781
lemonade
425
network
426 595 963 1609 1615 1788
delay
426
artifacts
427
extracted
427
simple
428
bank
428 469 1218 1814 2157
partitioning
429 849 1051 1123 1208
iv
429 490 577 642 1054 1120 1142 1396 1689 1700 1728 1733
distant
430
barcodes
430
rotating
431 1868
positions
433 1298
segment
435 1729
summation
436
excel
438 1062 2037
sheet
438 1062 2037
squareful
439
up
440 893 1803
vi
442 594
vertical
444 822 1366
middle
445 470 1213 1552
music
446
playlists
446
bulls
448
cows
448
prefixes
449 1990
scheduling
450 1205
magnetic
451
force
451
stick
452
insufficient
455
leaf
455 535 844 897 1181 1960
traveled
456
patients
457
condition
457 1199
amount
458 977 1798 1839
paid
458
taxes
458
negations
459
department
460 546 1227 1987
top
460 608 829 1935 2145
salaries
460
contains
461 1407 1489 1625 1663
dividing
462
defanging
464
ip
464 494 1834
address
464 1834
fraction
465 720 1877
recurring
465
decimal
465
days
469 643 1095 1115 1271 1516 1569 1602 1758
rob
469
front
470
back
470
tastiness
471
basket
471
non-overlapping
472 524 1195 1201 1548 1753 1811 1892 1980 2008
vowel
475 1081 1424 1721 2070
capital
476 1080 1507
gain/loss
476
keys
478 1816 2023
flipping
479 503 1735
rope
480
colorful
480
food
481 1544 1592 2001
rating
481 1799
uncrossed
483
unequal
484 1761
cycles
486
2d
486 555 562 1071 1419 1554 2022 2100
equivalent
488 1939 2057 2102 2158
domino
488 1589 1912
represent
489
line
489 1195 1494 1650 1970
chart
489
basic
490 935 1417
calculator
490 651 935 1112 1417
alternately
492 1633
coins
493 692 900 1263 1270
addresses
494 1699
points
496 570 822 822 1028 1046 1098 1135 1149 1258 1344 1367 1385 1494 1850 1857 1916
origin
496 1331
arrive
497 1191 1288
destination
497 779 1542 2093
min-product
498
inverse
499
exactly
500 734 1503
source
501
far
502
land
502 1535
image
503 1318 1582 1796
regular
504
generated
505
burgers
506
waste
506
ingredients
506
rows
508 684 1221 1743
covered
508 1067 1382 1622
p
510
abbreviating
511
module
512
summary
513 1814
large
514 1298 1451 1540
island
514 1095 1660 2128
n-th
515
tribonacci
515
vowels
517 821 1063 1172 1196 1461
guess
519 836 1897
higher
519 1897
lower
519 1165 1897 1992
triples
521 825
investments
522
2016
522
representation
525 592 828
logical
526
grids
526
represented
526
quad-trees
526
hire
527 2155
workers
527 2155
popular
528
video
528 2110
creator
528
zeroes
530 1174 1399 2040 2150
append
531 1410
checking
532
existence
532
intersection
533 965 1714 1893 2069
values
534 562 603 660 802 1106 1185 1216 1225 1532 1960 2127
gcds
536
fluctuation
538
temperature
539 1687
booking
540
concert
540
tickets
540 768 1034
case
541 1165 1992
multiple
542 923 1653 1714
double
544 1232
reversal
544
pascal's
545 1011
table
547 1227 1568 2001 2062
nearest
548 1065
point
548 980 1201 1219 1284
y
548
coordinate
548 1788 2086
pair
550 633 800 859 1216 2033 2078
champagne
551
tower
551
players
552 989 1783 1887
trainers
552
match
553 990 1328 1581
uncommon
554 795 1713
buying
557
discount
557 1240 1670 1738
zeros
558 1119 1563 1944 1979 2124
column
558 1062 1324 1489 1767 2002 2027 2037
disjoint
559 616
hamming
560 730 1943
summing
562
primes
563
meals
564
winner
565 884 1757 1889 1938
bowling
565
dictionary
566 1605 1815 1827 1875 2031
work
567 737 1277
sessions
567
star
568 1959
archery
570
competition
570 759 765
1's
571 601 1061
together
571 1569
finding
572 833 1198 1863
mk
572
halve
573
how
574
many
574
current
574
waiting
575
capitalize
576
title
576 2037
hexadecimal
578
choose
580
year
581 1731
getting
582
fresh
582
donuts
582
encrypt
583
decrypt
583 1701
subrectangle
584
remapping
586
sequentially
587
ordinal
587
rank
587 938 963 1278 1306 1809
tracker
587 1374
everyone
589
when
595 1611
becomes
595
idle
595
exclusive
598
functions
598
non-zero
600
least
601 1089 1143 1564 1600 1893 1966 2015 2016 2044
places
601
away
601
multiplying
603
found
603 813
itinerary
605
reward
608
students
608 946 1125 1236 1457 1585 1684 1865
sales
610 912 1347 2096
person
610 652 891
rounds
611 630 1887
plus
613 668
sign
613 1460 1499
length-3
614
similar
615 1128 1395 1685 1971
deque
619
rolls
620 1233
rle
621
reducing
622
dishes
622
space
623 1658
wasted
623 1658
resizing
623
encoded
625 2141
probability
626 807 1160 1339
dining
628
philosophers
628
pens
629
pencils
629
played
630
balance
631 1591
russian
632
doll
632
envelopes
632
substitutions
636
flatten
638 928 1732
multilevel
638
doubly
638
awesome
639
sets
640 1195
combination
642 1017 1289 1649 1727 1808
m
643 954 1566
bouquets
643
bipartite?
644
populating
645 1053
pointers
645 1053
each
645 715 851 1053 1126 1179 1219 1229 1421 1511 1520 1545 1664 1882 1892 1968 1987 2033 2048 2132
battleships
646
board
646 1319 1725
left
648 1179 1322 1444 1773
stamping
650 1530
broken
651
fit
652
obtained
653 657 1056
compression
654 2151
restaurant
655 2001
growth
655
adding
657 794 1843 1945
course
658 1054 1378 1545 1913
schedule
658 1054 1378 1546 1913
lists
659 965 1167 1454 1538 1817
splitting
660 975 1223
descending
660
surface
666
area
666 809 822 1323 1342 1358 1366 1368 1660 1941
3d
666 1941
shapes
666 1941
maximal
669 963 1852 2136
mean
670
mysterious
671
function
671 865 1118 1174
destroy
672
targets
672
concatenation
673 736 898 1147 1981 1995
both
677
neighbors
677 1932 2095
radius
679
averages
679 1595 2077
stars
680
delivery
682 1592
options
682
removable
683
weakest
684
median
685 786 1310 2061
worked
687
collisions
690 1806
road
690
arranging
692
truncate
693
wiggle
695 1047
stack
696 1014 1260 1286 1821 1826
increment
696 826 878
folders
697
genetic
700 1437 1511
query
700 1197 1419 1520 1984 2048 2108 2132
text
701 1638
justification
701
lexicographical
703 903 1449 1656
invert
704
importance
706 1983
frogs
707
croaking
707
halves
709
alike
709
servers
710 1083 1282
rungs
711
parts
712 758 1954
bit
713 1621 1934 2097
evaluate
714 743 782 1583
1-bit
718
2-bit
718
k-th
720 859 1449 1656 1947
transformable
721
o`one
723
structure
723 1040
running
724 810
1d
724 2100
stickers
726
spell
726
truck
728
alphabetical
729
clock
731 1571
contain
732
virus
732
reach
734 779 872 887 978 1182 1537 1542 1606 1771 1998
profit
737 1205 1895
assigning
737
pass
738 1441
ratio
738
cat
741 1491
mouse
741 1491
bracket
743
positive
745 986 1365 1373 1464 1480 1719 2025
satisfy
746 1199
conditions
746 1554 2094
earn
747 1367
soup
751
servings
751
distances
752 777 1866
sector
753
track
753
diagonal
754 793 1207 1580
parking
756
pancake
757
sorting
757 1018 1716
entering
759
coprime
761
except
763
hours
765
training
765
delivering
766
boxes
766 1117 1339 1712 2160
storage
766
ports
766
anagram
769 1042 1531
topmost
771
critical
772 1344 1615
pseudo-critical
772
edges
772 1138 1431
spanning
772
arrangement
773 1305 1628
avoid
776 1307
ii:
778
removal
780 1158 1537
recover
781 1737 1986
univalue
783
permutations
784 956 1930
student
788 919 1598
attendance
788 1598
record
788 1598
slices
789 1157 1234
dota2
790
senate
790
stones
796 981 1032 1101 1349 1704 2027
based
797 960 1432
key-value
797
initial
803
energy
803
widths
804
great
805 855
appearing
806
more
806 1566 1684 1734 1884
25%
806
knight
807 983 2112
chessboard
807 1386 1878 1999
select
808
buildings
808
computers
810
subtracting
811
amounts
811
combine
812
tables
812
sentences
813 1713
nth
815 1343 1718 1934 1961
min
816 1014 1149 1403
climbing
816 1345
stairs
816 1345
biggest
820 1132
widest
822
containing
822 1219 1461 1763 2043
reduce
828 973 1105 1206 1302
lcp
830
lcm
831
performance
832
team
832 1883 2138
active
833
minutes
833
tweets
835
frequencies
841
vii
843 2046
starting
844
constrained
845
brick
846
wall
846
missing
847 1025 1291 1365 1476 1511 2025
white
850 1622
tiles
850 1622
covering
850 1538
carpets
850
which
851 1277
report
851 1507
version
852 1473
variance
854
extra
856
final
857 1090 1738
strength
861 1608
wizards
861
parenthesis
862
coloring
863 1428
border
863
step-by-step
864
directions
864
successful
868
spells
868
potions
868
build
871 1007 1503 1668 1826 2094
gcd
873 1363
solving
875 1125
questions
875
brainpower
875
cousins
876 1273
sequence
877 944 1233 1442 1493 1530 1590 1620 1643 1930
spaces
881 1843
effort
882
reconstruction
883
tic
884
tac
884
toe
884
stacking
885
cuboids
885
furthest
887 1562
sudoku
889 1184
wraparound
892
placing
894
orders
894 974 1670 2001
map
895 1856
unguarded
896
piles
900
long
904 1647
corridor
904
plates
905
candles
905
turbulent
906
solve
907
provinces
910
formed
911 1404
concatenating
913 1481
poker
914
hand
914 1023
mode
915
component
916
chalk
919
verify
921
serialization
921
deletion
922
minimums
924
increments
926 1141
nested
928
numerically
930
per
933 1782
machine
933 1045
transform
938 1809 1999
zigzag
942 1111 1140 1985 2104
labelled
942
aaa
943
bbb
943
examinations
946
sticks
947 947
visible
947 1046 1087
emails
949 1013
t
953
seconds
953
-
957 1197 1234 1419 1659 1689 1984
allowed
957
statements
960
crawler
961
log
961 1156
folder
961
matchsticks
962
following
964
1-bordered
967
satisfying
968
inequality
968
visit
969 2118
cell
969
earliest
970 1887
pooling
971
backlog
974
tallest
976
billboard
976
infected
977
jumps
978 996
home
978
moving
981 1704
until
981 1704
grumpy
982
bookstore
982
owner
982
tour
983
configuration
983
representing
984
reorganize
985
components
988 1478 2039
teams
989 1251 1306
skill
989
di
990 1561 1930
cities
991 1391
illumination
992
memory
993 1976
allocator
993
there
995 1261 1316
sideway
996
directed
997 1079
appropriate
998
ages
998
cookies
1002 1829
brace
1004
expansion
1004
simplified
1005
fractions
1005
closed
1010
islands
1010 1469 1593
combinations
1012 1386 2004
phone
1012 1894 2010
eat
1016 1236 1516
day?
1016
create
1019 1640 1669 1681 1823 2039
through
1019 1605 1995
instructions
1019 1072 1726
straights
1023
walking
1024 1384
weight
1027 1340 1574
garden
1030 1433
perimeter
1030 1303 2128
enough
1030
cycle
1035 1124 1327 1702 2032
dna
1036
tic-tac-toe
1039
state
1039
atm
1045
empty
1050
weak
1055
whether
1056 1939
rotation
1056 1220
recent
1057
calls
1057 1118
edit
1059
deleting
1061 1128 1605
exit
1065
entrance
1065
maze
1065 1540
block
1068
only
1070 1950
1s
1070
shift
1071
execution
1072
staying
1072
dessert
1073
escape
1077 1210 1540
spreading
1077
fire
1077
ancestors
1079
acyclic
1079
spellchecker
1081
four
1082 1223 2131
handled
1083
required
1084 1906
before
1084 1308 1616
appeal
1086
mirror
1088
reflection
1088
variable
1090
performing
1090 1406
h2o
1091
disconnect
1095 1634
visiting
1098 1813
jewels
1101
non-coprime
1102
roads
1103 1983
0
1105
diagonals
1106
compatibility
1107
town
1108
judge
1108
powers
1109 2126
conversion
1111
global
1114
local
1114 1532
inversions
1114
prison
1115
longer
1119
contiguous
1119 1936
fish
1122
math
1125
spent
1126 1569
relative
1127 1619
ends
1128
intersections
1130
k-group
1131
rhombus
1132
replacements
1134
inside
1135 1155 1385
circle
1135 1284 1329 1385 1447 1686
degrees
1138
customers
1139 1630
bought
1139
actors
1143
directors
1143
cooperated
1143
generate
1145 1231 1284
counts
1145 1461 1782
connect
1149 1857
message
1150 1432
darts
1155
dartboard
1155
files
1156
3n
1157
scores
1159 1278 1512 2011
airplane
1160
assignment
1160
been
1161
rooms
1161 1445 1668 1816
nim
1162
my
1163 1518 2064
calendar
1163 1518 2064
upper
1165
2-row
1168
sub-tree
1169
label
1169
excellent
1170
well-performing
1171
preimage
1174
factorial
1174 1377 2150
patching
1175
pyramid
1176
transition
1176
filter
1177
restaurants
1177
vegan-friendly,
1177
take
1179 1315
rotations
1182 1912
solver
1184
enclaves
1188
speed
1191
backspace
1192
arrangements
1193
immutable
1197 1419
3-digit
1198
gap
1203 1599
obtain
1204 1259 1916
job
1205 1546
traverse
1207 1580
deci-binary
1208
ghosts
1210
expressive
1211
matches
1214
tournament
1214
laser
1218
beams
1218
surrounded
1222
regions
1222 1504
factors
1228 1264 1295 1739
subjects
1229
taught
1229
teacher
1229
exist
1232
impossible
1233 1334
hash
1235
unable
1236
lunch
1236
week
1237
break
1238 1495 1629 1822 2012
apply
1240 1423 1617 1670
prices
1240 1738
their
1241 1734 1865
location
1241
magical
1244 1961
concatenated
1246 1586
cracking
1247
thousand
1249
separator
1249
reordered
1254
additions
1255
smooth
1256
descent
1256
periods
1256
fingers
1257
window
1269 1392 2061
dates
1271
chocolates
1272
ladder
1275 1346
weeks
1277
toeplitz
1279
special-equivalent
1280
pangram
1281
communicate
1282
k-length
1285
queues
1286
7
1287
skips
1288
meeting
1288 1357 1445
observations
1291
k-beauty
1294
detonate
1296
bombs
1296
loop
1299
half
1302
votes
1306
?'s
1307
a's
1308
appears
1308
b's
1308
categorize
1309
according
1309 1458
criteria
1309
changing
1311 1603
repetitions
1312
69
1313
gifts
1315
pile
1315
underground
1317
alphabet
1319 1701
slanted
1320
ciphertext
1320
completely
1324
painted
1324
flips
1326 1621 1661 2089 2090 2097
flip
1328 1354 1634 1743 1789 2057
reservation
1330
manager
1330 1773 2152
return
1331 1876
equalize
1332
triangular
1335
symmetric
1337
having
1339
k-diff
1341
end
1343
monotone
1350 1789
ramp
1353
repeat
1356
limit
1356 1432 1766 2054
invited
1357
daily
1359 1924
leads
1359
partners
1359
confusion
1361
exam
1361 1551 1585
infinite
1362
triangulation
1364
polygon
1364 1806
piece
1366
cake
1366
horizontal
1366
cuts
1366 1686
suggestions
1370
diameter
1371
ice
1372
cream
1372
bars
1372
solution
1373
clumsy
1377
fleet
1380 1709
atoms
1383
lattice
1385
describe
1387
painting
1387 1880
tuple
1389
occurrence
1390 1500
subtrees
1391 2149
zuma
1393
semi-ordered
1397
pacific
1398
atlantic
1398
flow
1398
reversing
1400
hills
1402
valleys
1402
fizz
1405 2083
buzz
1405 2083
multithreaded
1405
fixed
1408 1925
bounds
1408
say
1409
minimal
1410
echo
1413
reduction
1415
eliminate
1420
monsters
1420
rearranged
1425
hashset
1426
farmland
1429
fully
1431
traversable
1431
taps
1433
open
1433 2072
mutation
1437
lr
1438
pillow
1441
ordered
1443 2088
period
1443 1884
bottom
1444
legal
1450
statistics
1451
sample
1451
diminishing-valued
1455
doing
1457
homework
1457
strange
1462 1680
printer
1462 1680
camelcase
1465
k-subarray
1467
restrictions
1471
exchange
1472
seats
1472
bad
1473 1524
cooldown
1474
gold
1475
copy
1479
pointer
1479
step
1480 1480
sqrt(x)
1484
zero-filled
1485
handling
1486
update
1486
morse
1488
code
1488 2113
every
1489 1670
5
1490 1684 2044
pruning
1501
n-queens
1502 1957
comparisons
1503
slashes
1504
keyboard
1506 2023
fuel
1507
koko
1513
eating
1513
bananas
1513
oranges
1516 1973
bigram
1517
-2
1519
histogram
1522
interleaving
1523
utf-8
1526
validation
1526
incompatibility
1533
fertile
1535
pyramids
1535
obstacle
1537 1545
corner
1537
erect
1541
fence
1541
confirmation
1543
rate
1543
buckets
1544
feed
1544
hamsters
1544
difficulty
1546
pairings
1547
flower
1549
planting
1549
room
1551 1910
sender
1556
kind
1559
deck
1559
others
1564
chalkboard
1565
24
1570
angle
1571
hands
1571 1846
categories
1572
ix
1575
placed
1576
crossword
1576
k-distant
1577
unoccupied
1579
chair
1579
smoother
1582
polish
1583
notation
1583
taking
1585
article
1587
views
1587
scramble
1588
tromino
1589
tiling
1589 2018
insertions
1591
immediate
1592
sub
1593
powerful
1594
respecting
1596
dependencies
1596
express
1600
user
1602
activity
1602
past
1602
30
1602
similarity
1610
bricks
1611
hit
1611
leaf-similar
1612
connections
1615
moment
1616
ants
1616
plank
1616
ranks
1619
carpet
1622
single-threaded
1623
cpu
1623
codes
1625
bag
1626 1766
tokens
1626
ipo
1627
never
1630
foobar
1633
capacity
1635 1758
rocks
1635
editor
1638
bsts
1640
consistent
1641
custom
1642
progression
1643
ambiguous
1644
coordinates
1644
rabbits
1646
forest
1646 1876
pressed
1647
name
1647
tenth
1650
squared
1651
obstacles
1654
replacing
1655 1739
hidden
1655 1781
packaging
1658
input
1659 1689
b
1661
c
1661
parse
1662
lisp
1662
wear
1664
hats
1664
other
1664
numeric
1666
ant
1668
colony
1668
push
1672
dominoes
1672
k-mirror
1678
k-similar
1682
classes
1684
swapping
1690
shopping
1691
offers
1691
excluding
1692
pow
1696
unsorted
1697
email
1699
mapping
1701
problem
1703 1864
advantage
1707
array-form
1711
view
1715
unreachable
1717
undirected
1717
wonderful
1720
skiplist
1730
population
1731
earning
1734
managers
1734 2044
card
1735
shop
1738 2014
divisions
1741
altitude
1745
marking
1746
submatrix
1748
rearrangements
1748
hourglass
1750
pseudo-palindromic
1751
chosen
1754
previous
1756
ship
1758
packages
1758
d
1758
id
1759
identifier
1759
cars
1763 2091
illegal
1763
goods
1763
market
1769
chunked
1776
decomposition
1776
trim
1777
kids
1778
punishment
1779
132
1780
tweet
1782
losses
1783
goat
1784
latin
1784
monthly
1790
defuse
1791
bomb
1791
contest
1795
cups
1798
monkeys
1806
account
1814
recipes
1818
supplies
1818
freedom
1819
trail
1819
parallel
1820 1914
courses
1820 1914
descriptions
1823
bipartition
1824
verifying
1827
alien
1827
life
1828
distribution
1829
loud
1831
rich
1831
k-concatenation
1832
powered
1833
completing
1835
queens
1836
attack
1836
king
1836
garbage
1839
boats
1840
save
1840
lengths
1844
couples
1846
holding
1846
splitted
1847
reaching
1850
dungeon
1853
new
1861
21
1861
certain
1863
jug
1864
cyclically
1868
bottles
1869
homogenous
1870
reshape
1871
fruit
1872
baskets
1872
bitwise-or
1874
edits
1875
sufficient
1883
alert
1884
key-card
1884
hour
1884
dot
1885
lru
1886
cache
1886 1921
compete
1887
asteroid
1891
collision
1891
operating
1895
centennial
1895
wheel
1895
weighted
1906
subgraph
1906
xored
1909 2143
vertically
1915
slowest
1919
lfu
1921
conflict
1923
temperatures
1924
multiply
1927
poor
1928
pigs
1928
superstring
1929
supersequence
1931
buddy
1937
predict
1938
almost
1939
additive
1940
projection
1941
trailing
1944 1979 2150
negabinary
1945
k-increasing
1946
symbol
1947
grammar
1947
human
1948
traffic
1948
stadium
1948
viii
1951
totals
1952
gardens
1955
mice
1956
cheese
1956
center
1959
independently
1964
earnings
1967
taxi
1967
referee
1969
straight
1970
tile
1972
possibilities
1972
rotting
1973
comments
1974
changes
1975
incremental
1976
leak
1976
cornered
1979
mutable
1984
decrease
1985
primary
1987
no-zero
1988
quad
1989
chunks
1991 2111
crossing
1993 2119
formation
1995
vertices
1998
display
2001
corporate
2003
flight
2003
bookings
2003
wildcard
2005
goal
2009
interpretation
2009
built
2011
penalty
2014
fewest
2018
contaminated
2020
boring
2021
movies
2021
bitset
2024
eaten
2029
third
2034
direct
2044
reports
2044
include
2048
erasure
2049
multiplicity
2050
cheapest
2051
flights
2051
even-valued
2052
grandparent
2052
multiples
2053
diff
2054
heroes
2055
mutated
2056
outermost
2060
fix
2062
costs
2067
simplify
2068
uni-value
2071
lock
2072
aware
2074
sightseeing
2078
songs
2080
durations
2080
60
2080
throne
2085
inheritance
2085
repair
2091
varying
2092
twin
2099
watch
2101
non
2103
spliced
2105
complementary
2107
trimmed
2108
stitching
2110
dialer
2112
gray
2113
filling
2116
bookcase
2116
shelves
2116
subdomain
2118
span
2120
cooking
2122
strongest
2127
monotonic
2129
item
2132
cameras
2134
asterisks
2135
conflicts
2138
palindromes
2140
decompress
2141
run-length
2141
decoded
2144
travellers
2145
authentication
2152
tag
2153
validator
2153
leetcode
2157
trie
2161
(prefix
2161
tree)
2161
